10 10
120 120
172.134 172.583 173.038 173.498 173.963 174.433 174.906 175.385 175.867 176.352 176.842 177.334 177.83 178.328 178.828 179.33 179.833 180.338 180.843 181.348 181.853 182.358 182.861 183.362 183.861 184.358 184.851 185.339 185.823 186.302 186.775 187.242 187.701 188.153 188.596 189.03 189.453 189.867 190.269 190.658 191.036 191.4 191.75 192.085 192.405 192.709 192.997 193.267 193.52 193.755 193.971 194.168 194.345 194.503 194.64 194.756 194.852 194.927 194.98 195.012 195.023 195.012 194.98 194.927 194.852 194.756 194.64 194.503 194.345 194.168 193.971 193.755 193.52 193.267 192.997 192.709 192.405 192.085 191.75 191.4 191.036 190.658 190.269 189.867 189.453 189.03 188.596 188.153 187.701 187.242 186.775 186.302 185.823 185.339 184.851 184.358 183.861 183.362 182.861 182.358 181.853 181.348 180.843 180.338 179.833 179.33 178.828 178.328 177.83 177.334 176.842 176.352 175.867 175.385 174.906 174.433 173.963 173.498 173.038 172.583 
172.583 173.046 173.515 173.988 174.467 174.951 175.439 175.932 176.429 176.93 177.435 177.944 178.455 178.97 179.487 180.006 180.527 181.049 181.571 182.095 182.618 183.14 183.662 184.182 184.699 185.214 185.726 186.233 186.736 187.234 187.726 188.211 188.689 189.159 189.62 190.071 190.513 190.943 191.362 191.769 192.162 192.542 192.907 193.257 193.591 193.909 194.209 194.492 194.756 195.002 195.227 195.433 195.619 195.783 195.927 196.049 196.149 196.227 196.283 196.317 196.328 196.317 196.283 196.227 196.149 196.049 195.927 195.783 195.619 195.433 195.227 195.002 194.756 194.492 194.209 193.909 193.591 193.257 192.907 192.542 192.162 191.769 191.362 190.943 190.513 190.071 189.62 189.159 188.689 188.211 187.726 187.234 186.736 186.233 185.726 185.214 184.699 184.182 183.662 183.14 182.618 182.095 181.571 181.049 180.527 180.006 179.487 178.97 178.455 177.944 177.435 176.93 176.429 175.932 175.439 174.951 174.467 173.988 173.515 173.046 
173.038 173.515 173.996 174.484 174.977 175.475 175.979 176.487 177 177.517 178.038 178.563 179.091 179.622 180.157 180.693 181.232 181.772 182.313 182.854 183.396 183.938 184.478 185.017 185.554 186.088 186.619 187.146 187.669 188.186 188.697 189.202 189.699 190.188 190.668 191.138 191.598 192.047 192.483 192.907 193.318 193.714 194.095 194.461 194.809 195.141 195.455 195.75 196.027 196.283 196.519 196.735 196.929 197.101 197.251 197.379 197.483 197.565 197.624 197.659 197.671 197.659 197.624 197.565 197.483 197.379 197.251 197.101 196.929 196.735 196.519 196.283 196.027 195.75 195.455 195.141 194.809 194.461 194.095 193.714 193.318 192.907 192.483 192.047 191.598 191.138 190.668 190.188 189.699 189.202 188.697 188.186 187.669 187.146 186.619 186.088 185.554 185.017 184.478 183.938 183.396 182.854 182.313 181.772 181.232 180.693 180.157 179.622 179.091 178.563 178.038 177.517 177 176.487 175.979 175.475 174.977 174.484 173.996 173.515 
173.498 173.988 174.484 174.986 175.494 176.007 176.525 177.049 177.578 178.111 178.649 179.191 179.736 180.285 180.837 181.392 181.948 182.507 183.067 183.628 184.189 184.75 185.31 185.869 186.426 186.98 187.531 188.078 188.621 189.159 189.69 190.215 190.732 191.241 191.74 192.23 192.709 193.177 193.632 194.074 194.503 194.916 195.314 195.696 196.06 196.407 196.735 197.043 197.332 197.6 197.847 198.073 198.276 198.456 198.613 198.747 198.856 198.942 199.003 199.04 199.052 199.04 199.003 198.942 198.856 198.747 198.613 198.456 198.276 198.073 197.847 197.6 197.332 197.043 196.735 196.407 196.06 195.696 195.314 194.916 194.503 194.074 193.632 193.177 192.709 192.23 191.74 191.241 190.732 190.215 189.69 189.159 188.621 188.078 187.531 186.98 186.426 185.869 185.31 184.75 184.189 183.628 183.067 182.507 181.948 181.392 180.837 180.285 179.736 179.191 178.649 178.111 177.578 177.049 176.525 176.007 175.494 174.986 174.484 173.988 
173.963 174.467 174.977 175.494 176.016 176.545 177.079 177.619 178.164 178.714 179.268 179.828 180.391 180.958 181.528 182.101 182.677 183.254 183.834 184.414 184.995 185.576 186.157 186.736 187.314 187.889 188.461 189.03 189.593 190.152 190.704 191.25 191.788 192.317 192.838 193.348 193.847 194.335 194.809 195.271 195.718 196.149 196.565 196.963 197.344 197.706 198.049 198.372 198.674 198.954 199.213 199.448 199.661 199.85 200.014 200.154 200.269 200.358 200.423 200.461 200.474 200.461 200.423 200.358 200.269 200.154 200.014 199.85 199.661 199.448 199.213 198.954 198.674 198.372 198.049 197.706 197.344 196.963 196.565 196.149 195.718 195.271 194.809 194.335 193.847 193.348 192.838 192.317 191.788 191.25 190.704 190.152 189.593 189.03 188.461 187.889 187.314 186.736 186.157 185.576 184.995 184.414 183.834 183.254 182.677 182.101 181.528 180.958 180.391 179.828 179.268 178.714 178.164 177.619 177.079 176.545 176.016 175.494 174.977 174.467 
174.433 174.951 175.475 176.007 176.545 177.089 177.639 178.195 178.757 179.324 179.896 180.473 181.055 181.64 182.229 182.821 183.417 184.014 184.613 185.214 185.816 186.418 187.019 187.62 188.219 188.816 189.41 190 190.585 191.166 191.74 192.308 192.868 193.419 193.961 194.492 195.012 195.521 196.016 196.497 196.963 197.414 197.847 198.264 198.662 199.04 199.399 199.736 200.052 200.346 200.616 200.863 201.085 201.283 201.455 201.602 201.722 201.816 201.883 201.924 201.937 201.924 201.883 201.816 201.722 201.602 201.455 201.283 201.085 200.863 200.616 200.346 200.052 199.736 199.399 199.04 198.662 198.264 197.847 197.414 196.963 196.497 196.016 195.521 195.012 194.492 193.961 193.419 192.868 192.308 191.74 191.166 190.585 190 189.41 188.816 188.219 187.62 187.019 186.418 185.816 185.214 184.613 184.014 183.417 182.821 182.229 181.64 181.055 180.473 179.896 179.324 178.757 178.195 177.639 177.089 176.545 176.007 175.475 174.951 
174.906 175.439 175.979 176.525 177.079 177.639 178.206 178.779 179.358 179.942 180.532 181.128 181.728 182.332 182.94 183.552 184.168 184.786 185.406 186.028 186.65 187.274 187.897 188.52 189.141 189.76 190.377 190.99 191.598 192.201 192.798 193.388 193.971 194.545 195.109 195.663 196.205 196.735 197.251 197.753 198.24 198.71 199.163 199.598 200.014 200.41 200.785 201.138 201.468 201.776 202.059 202.317 202.55 202.757 202.937 203.091 203.217 203.315 203.386 203.428 203.442 203.428 203.386 203.315 203.217 203.091 202.937 202.757 202.55 202.317 202.059 201.776 201.468 201.138 200.785 200.41 200.014 199.598 199.163 198.71 198.24 197.753 197.251 196.735 196.205 195.663 195.109 194.545 193.971 193.388 192.798 192.201 191.598 190.99 190.377 189.76 189.141 188.52 187.897 187.274 186.65 186.028 185.406 184.786 184.168 183.552 182.94 182.332 181.728 181.128 180.532 179.942 179.358 178.779 178.206 177.639 177.079 176.525 175.979 175.439 
175.385 175.932 176.487 177.049 177.619 178.195 178.779 179.369 179.965 180.568 181.176 181.79 182.41 183.034 183.662 184.294 184.93 185.569 186.21 186.854 187.499 188.145 188.79 189.436 190.08 190.723 191.362 191.998 192.63 193.257 193.878 194.492 195.098 195.696 196.283 196.86 197.425 197.978 198.516 199.04 199.548 200.039 200.513 200.967 201.402 201.816 202.208 202.577 202.923 203.245 203.541 203.812 204.056 204.273 204.462 204.623 204.755 204.858 204.932 204.976 204.991 204.976 204.932 204.858 204.755 204.623 204.462 204.273 204.056 203.812 203.541 203.245 202.923 202.577 202.208 201.816 201.402 200.967 200.513 200.039 199.548 199.04 198.516 197.978 197.425 196.86 196.283 195.696 195.098 194.492 193.878 193.257 192.63 191.998 191.362 190.723 190.08 189.436 188.79 188.145 187.499 186.854 186.21 185.569 184.93 184.294 183.662 183.034 182.41 181.79 181.176 180.568 179.965 179.369 178.779 178.195 177.619 177.049 176.487 175.932 
175.867 176.429 177 177.578 178.164 178.757 179.358 179.965 180.58 181.201 181.828 182.461 183.1 183.744 184.393 185.046 185.703 186.364 187.027 187.693 188.361 189.03 189.699 190.368 191.036 191.702 192.366 193.027 193.683 194.335 194.98 195.619 196.25 196.871 197.483 198.085 198.674 199.25 199.812 200.358 200.889 201.402 201.897 202.372 202.826 203.259 203.669 204.056 204.418 204.755 205.066 205.349 205.605 205.832 206.03 206.199 206.337 206.446 206.523 206.57 206.585 206.57 206.523 206.446 206.337 206.199 206.03 205.832 205.605 205.349 205.066 204.755 204.418 204.056 203.669 203.259 202.826 202.372 201.897 201.402 200.889 200.358 199.812 199.25 198.674 198.085 197.483 196.871 196.25 195.619 194.98 194.335 193.683 193.027 192.366 191.702 191.036 190.368 189.699 189.03 188.361 187.693 187.027 186.364 185.703 185.046 184.393 183.744 183.1 182.461 181.828 181.201 180.58 179.965 179.358 178.757 178.164 177.578 177 176.429 
176.352 176.93 177.517 178.111 178.714 179.324 179.942 180.568 181.201 181.841 182.487 183.14 183.799 184.464 185.134 185.808 186.487 187.17 187.856 188.545 189.236 189.929 190.622 191.315 192.008 192.699 193.388 194.074 194.756 195.433 196.105 196.769 197.425 198.073 198.71 199.336 199.951 200.551 201.138 201.709 202.262 202.798 203.315 203.812 204.287 204.74 205.17 205.574 205.954 206.306 206.632 206.929 207.197 207.435 207.643 207.82 207.965 208.079 208.16 208.209 208.225 208.209 208.16 208.079 207.965 207.82 207.643 207.435 207.197 206.929 206.632 206.306 205.954 205.574 205.17 204.74 204.287 203.812 203.315 202.798 202.262 201.709 201.138 200.551 199.951 199.336 198.71 198.073 197.425 196.769 196.105 195.433 194.756 194.074 193.388 192.699 192.008 191.315 190.622 189.929 189.236 188.545 187.856 187.17 186.487 185.808 185.134 184.464 183.799 183.14 182.487 181.841 181.201 180.568 179.942 179.324 178.714 178.111 177.517 176.93 
176.842 177.435 178.038 178.649 179.268 179.896 180.532 181.176 181.828 182.487 183.154 183.827 184.507 185.192 185.884 186.58 187.282 187.988 188.697 189.41 190.125 190.842 191.56 192.279 192.997 193.714 194.429 195.141 195.85 196.553 197.251 197.942 198.625 199.299 199.963 200.616 201.256 201.883 202.495 203.091 203.669 204.229 204.77 205.289 205.786 206.26 206.71 207.134 207.531 207.901 208.242 208.553 208.834 209.084 209.302 209.487 209.64 209.759 209.844 209.896 209.913 209.896 209.844 209.759 209.64 209.487 209.302 209.084 208.834 208.553 208.242 207.901 207.531 207.134 206.71 206.26 205.786 205.289 204.77 204.229 203.669 203.091 202.495 201.883 201.256 200.616 199.963 199.299 198.625 197.942 197.251 196.553 195.85 195.141 194.429 193.714 192.997 192.279 191.56 190.842 190.125 189.41 188.697 187.988 187.282 186.58 185.884 185.192 184.507 183.827 183.154 182.487 181.828 181.176 180.532 179.896 179.268 178.649 178.038 177.435 
177.334 177.944 178.563 179.191 179.828 180.473 181.128 181.79 182.461 183.14 183.827 184.521 185.222 185.929 186.643 187.362 188.087 188.816 189.549 190.287 191.027 191.769 192.513 193.257 194.002 194.746 195.488 196.227 196.963 197.694 198.42 199.139 199.85 200.551 201.243 201.924 202.591 203.245 203.884 204.506 205.11 205.695 206.26 206.803 207.324 207.82 208.29 208.735 209.151 209.538 209.896 210.222 210.517 210.779 211.008 211.203 211.363 211.488 211.577 211.631 211.649 211.631 211.577 211.488 211.363 211.203 211.008 210.779 210.517 210.222 209.896 209.538 209.151 208.735 208.29 207.82 207.324 206.803 206.26 205.695 205.11 204.506 203.884 203.245 202.591 201.924 201.243 200.551 199.85 199.139 198.42 197.694 196.963 196.227 195.488 194.746 194.002 193.257 192.513 191.769 191.027 190.287 189.549 188.816 188.087 187.362 186.643 185.929 185.222 184.521 183.827 183.14 182.461 181.79 181.128 180.473 179.828 179.191 178.563 177.944 
177.83 178.455 179.091 179.736 180.391 181.055 181.728 182.41 183.1 183.799 184.507 185.222 185.944 186.674 187.41 188.153 188.901 189.655 190.413 191.175 191.941 192.709 193.48 194.251 195.023 195.795 196.565 197.332 198.096 198.856 199.611 200.358 201.098 201.829 202.55 203.259 203.955 204.637 205.304 205.954 206.585 207.197 207.788 208.356 208.9 209.42 209.913 210.378 210.814 211.22 211.595 211.938 212.247 212.522 212.763 212.967 213.135 213.267 213.361 213.417 213.436 213.417 213.361 213.267 213.135 212.967 212.763 212.522 212.247 211.938 211.595 211.22 210.814 210.378 209.913 209.42 208.9 208.356 207.788 207.197 206.585 205.954 205.304 204.637 203.955 203.259 202.55 201.829 201.098 200.358 199.611 198.856 198.096 197.332 196.565 195.795 195.023 194.251 193.48 192.709 191.941 191.175 190.413 189.655 188.901 188.153 187.41 186.674 185.944 185.222 184.507 183.799 183.1 182.41 181.728 181.055 180.391 179.736 179.091 178.455 
178.328 178.97 179.622 180.285 180.958 181.64 182.332 183.034 183.744 184.464 185.192 185.929 186.674 187.426 188.186 188.952 189.725 190.504 191.287 192.075 192.868 193.663 194.461 195.26 196.06 196.86 197.659 198.456 199.25 200.039 200.824 201.602 202.372 203.133 203.884 204.623 205.349 206.061 206.757 207.435 208.095 208.735 209.352 209.947 210.517 211.061 211.577 212.065 212.522 212.948 213.342 213.701 214.026 214.315 214.567 214.782 214.959 215.097 215.195 215.255 215.275 215.255 215.195 215.097 214.959 214.782 214.567 214.315 214.026 213.701 213.342 212.948 212.522 212.065 211.577 211.061 210.517 209.947 209.352 208.735 208.095 207.435 206.757 206.061 205.349 204.623 203.884 203.133 202.372 201.602 200.824 200.039 199.25 198.456 197.659 196.86 196.06 195.26 194.461 193.663 192.868 192.075 191.287 190.504 189.725 188.952 188.186 187.426 186.674 185.929 185.192 184.464 183.744 183.034 182.332 181.64 180.958 180.285 179.622 178.97 
178.828 179.487 180.157 180.837 181.528 182.229 182.94 183.662 184.393 185.134 185.884 186.643 187.41 188.186 188.97 189.76 190.558 191.362 192.172 192.987 193.806 194.629 195.455 196.283 197.112 197.942 198.771 199.598 200.423 201.243 202.059 202.868 203.669 204.462 205.244 206.015 206.772 207.515 208.242 208.95 209.64 210.309 210.955 211.577 212.174 212.744 213.285 213.797 214.276 214.723 215.136 215.513 215.854 216.158 216.423 216.649 216.834 216.979 217.083 217.146 217.167 217.146 217.083 216.979 216.834 216.649 216.423 216.158 215.854 215.513 215.136 214.723 214.276 213.797 213.285 212.744 212.174 211.577 210.955 210.309 209.64 208.95 208.242 207.515 206.772 206.015 205.244 204.462 203.669 202.868 202.059 201.243 200.423 199.598 198.771 197.942 197.112 196.283 195.455 194.629 193.806 192.987 192.172 191.362 190.558 189.76 188.97 188.186 187.41 186.643 185.884 185.134 184.393 183.662 182.94 182.229 181.528 180.837 180.157 179.487 
179.33 180.006 180.693 181.392 182.101 182.821 183.552 184.294 185.046 185.808 186.58 187.362 188.153 188.952 189.76 190.576 191.4 192.23 193.067 193.909 194.756 195.608 196.463 197.321 198.18 199.04 199.9 200.759 201.615 202.468 203.315 204.157 204.991 205.817 206.632 207.435 208.225 209 209.759 210.5 211.22 211.92 212.596 213.248 213.873 214.47 215.037 215.573 216.077 216.546 216.979 217.376 217.734 218.053 218.331 218.569 218.764 218.916 219.026 219.091 219.113 219.091 219.026 218.916 218.764 218.569 218.331 218.053 217.734 217.376 216.979 216.546 216.077 215.573 215.037 214.47 213.873 213.248 212.596 211.92 211.22 210.5 209.759 209 208.225 207.435 206.632 205.817 204.991 204.157 203.315 202.468 201.615 200.759 199.9 199.04 198.18 197.321 196.463 195.608 194.756 193.909 193.067 192.23 191.4 190.576 189.76 188.952 188.153 187.362 186.58 185.808 185.046 184.294 183.552 182.821 182.101 181.392 180.693 180.006 
179.833 180.527 181.232 181.948 182.677 183.417 184.168 184.93 185.703 186.487 187.282 188.087 188.901 189.725 190.558 191.4 192.249 193.107 193.971 194.841 195.718 196.598 197.483 198.372 199.262 200.154 201.046 201.937 202.826 203.712 204.594 205.469 206.337 207.197 208.046 208.884 209.708 210.517 211.309 212.083 212.837 213.568 214.276 214.959 215.613 216.239 216.834 217.397 217.925 218.417 218.873 219.289 219.666 220.001 220.294 220.543 220.749 220.909 221.024 221.093 221.116 221.093 221.024 220.909 220.749 220.543 220.294 220.001 219.666 219.289 218.873 218.417 217.925 217.397 216.834 216.239 215.613 214.959 214.276 213.568 212.837 212.083 211.309 210.517 209.708 208.884 208.046 207.197 206.337 205.469 204.594 203.712 202.826 201.937 201.046 200.154 199.262 198.372 197.483 196.598 195.718 194.841 193.971 193.107 192.249 191.4 190.558 189.725 188.901 188.087 187.282 186.487 185.703 184.93 184.168 183.417 182.677 181.948 181.232 180.527 
180.338 181.049 181.772 182.507 183.254 184.014 184.786 185.569 186.364 187.17 187.988 188.816 189.655 190.504 191.362 192.23 193.107 193.992 194.884 195.783 196.689 197.6 198.516 199.436 200.358 201.283 202.208 203.133 204.056 204.976 205.893 206.803 207.707 208.602 209.487 210.361 211.22 212.065 212.893 213.701 214.489 215.255 215.996 216.71 217.397 218.053 218.677 219.267 219.822 220.339 220.817 221.255 221.651 222.004 222.312 222.574 222.79 222.959 223.08 223.153 223.178 223.153 223.08 222.959 222.79 222.574 222.312 222.004 221.651 221.255 220.817 220.339 219.822 219.267 218.677 218.053 217.397 216.71 215.996 215.255 214.489 213.701 212.893 212.065 211.22 210.361 209.487 208.602 207.707 206.803 205.893 204.976 204.056 203.133 202.208 201.283 200.358 199.436 198.516 197.6 196.689 195.783 194.884 193.992 193.107 192.23 191.362 190.504 189.655 188.816 187.988 187.17 186.364 185.569 184.786 184.014 183.254 182.507 181.772 181.049 
180.843 181.571 182.313 183.067 183.834 184.613 185.406 186.21 187.027 187.856 188.697 189.549 190.413 191.287 192.172 193.067 193.971 194.884 195.806 196.735 197.671 198.613 199.561 200.513 201.468 202.426 203.386 204.345 205.304 206.26 207.213 208.16 209.101 210.033 210.955 211.866 212.763 213.644 214.509 215.354 216.178 216.979 217.755 218.504 219.223 219.911 220.566 221.186 221.768 222.312 222.815 223.275 223.691 224.062 224.387 224.663 224.891 225.069 225.196 225.273 225.299 225.273 225.196 225.069 224.891 224.663 224.387 224.062 223.691 223.275 222.815 222.312 221.768 221.186 220.566 219.911 219.223 218.504 217.755 216.979 216.178 215.354 214.509 213.644 212.763 211.866 210.955 210.033 209.101 208.16 207.213 206.26 205.304 204.345 203.386 202.426 201.468 200.513 199.561 198.613 197.671 196.735 195.806 194.884 193.971 193.067 192.172 191.287 190.413 189.549 188.697 187.856 187.027 186.21 185.406 184.613 183.834 183.067 182.313 181.571 
181.348 182.095 182.854 183.628 184.414 185.214 186.028 186.854 187.693 188.545 189.41 190.287 191.175 192.075 192.987 193.909 194.841 195.783 196.735 197.694 198.662 199.636 200.616 201.602 202.591 203.584 204.579 205.574 206.57 207.563 208.553 209.538 210.517 211.488 212.449 213.398 214.334 215.255 216.158 217.042 217.904 218.742 219.555 220.339 221.093 221.815 222.503 223.153 223.765 224.337 224.865 225.35 225.788 226.179 226.52 226.811 227.051 227.239 227.373 227.454 227.481 227.454 227.373 227.239 227.051 226.811 226.52 226.179 225.788 225.35 224.865 224.337 223.765 223.153 222.503 221.815 221.093 220.339 219.555 218.742 217.904 217.042 216.158 215.255 214.334 213.398 212.449 211.488 210.517 209.538 208.553 207.563 206.57 205.574 204.579 203.584 202.591 201.602 200.616 199.636 198.662 197.694 196.735 195.783 194.841 193.909 192.987 192.075 191.175 190.287 189.41 188.545 187.693 186.854 186.028 185.214 184.414 183.628 182.854 182.095 
181.853 182.618 183.396 184.189 184.995 185.816 186.65 187.499 188.361 189.236 190.125 191.027 191.941 192.868 193.806 194.756 195.718 196.689 197.671 198.662 199.661 200.668 201.682 202.702 203.726 204.755 205.786 206.819 207.852 208.884 209.913 210.937 211.956 212.967 213.969 214.959 215.935 216.896 217.84 218.764 219.666 220.543 221.394 222.217 223.008 223.765 224.487 225.171 225.814 226.415 226.971 227.481 227.942 228.354 228.714 229.021 229.273 229.471 229.613 229.698 229.727 229.698 229.613 229.471 229.273 229.021 228.714 228.354 227.942 227.481 226.971 226.415 225.814 225.171 224.487 223.765 223.008 222.217 221.394 220.543 219.666 218.764 217.84 216.896 215.935 214.959 213.969 212.967 211.956 210.937 209.913 208.884 207.852 206.819 205.786 204.755 203.726 202.702 201.682 200.668 199.661 198.662 197.671 196.689 195.718 194.756 193.806 192.868 191.941 191.027 190.125 189.236 188.361 187.499 186.65 185.816 184.995 184.189 183.396 182.618 
182.358 183.14 183.938 184.75 185.576 186.418 187.274 188.145 189.03 189.929 190.842 191.769 192.709 193.663 194.629 195.608 196.598 197.6 198.613 199.636 200.668 201.709 202.757 203.812 204.873 205.938 207.007 208.079 209.151 210.222 211.292 212.357 213.417 214.47 215.513 216.546 217.565 218.569 219.555 220.521 221.464 222.383 223.275 224.137 224.967 225.762 226.52 227.239 227.915 228.547 229.133 229.67 230.156 230.59 230.969 231.293 231.559 231.768 231.917 232.007 232.037 232.007 231.917 231.768 231.559 231.293 230.969 230.59 230.156 229.67 229.133 228.547 227.915 227.239 226.52 225.762 224.967 224.137 223.275 222.383 221.464 220.521 219.555 218.569 217.565 216.546 215.513 214.47 213.417 212.357 211.292 210.222 209.151 208.079 207.007 205.938 204.873 203.812 202.757 201.709 200.668 199.636 198.613 197.6 196.598 195.608 194.629 193.663 192.709 191.769 190.842 189.929 189.03 188.145 187.274 186.418 185.576 184.75 183.938 183.14 
182.861 183.662 184.478 185.31 186.157 187.019 187.897 188.79 189.699 190.622 191.56 192.513 193.48 194.461 195.455 196.463 197.483 198.516 199.561 200.616 201.682 202.757 203.841 204.932 206.03 207.134 208.242 209.352 210.465 211.577 212.689 213.797 214.9 215.996 217.083 218.16 219.223 220.271 221.302 222.312 223.299 224.262 225.196 226.1 226.971 227.806 228.603 229.358 230.07 230.735 231.352 231.917 232.43 232.887 233.287 233.629 233.91 234.13 234.288 234.383 234.415 234.383 234.288 234.13 233.91 233.629 233.287 232.887 232.43 231.917 231.352 230.735 230.07 229.358 228.603 227.806 226.971 226.1 225.196 224.262 223.299 222.312 221.302 220.271 219.223 218.16 217.083 215.996 214.9 213.797 212.689 211.577 210.465 209.352 208.242 207.134 206.03 204.932 203.841 202.757 201.682 200.616 199.561 198.516 197.483 196.463 195.455 194.461 193.48 192.513 191.56 190.622 189.699 188.79 187.897 187.019 186.157 185.31 184.478 183.662 
183.362 184.182 185.017 185.869 186.736 187.62 188.52 189.436 190.368 191.315 192.279 193.257 194.251 195.26 196.283 197.321 198.372 199.436 200.513 201.602 202.702 203.812 204.932 206.061 207.197 208.34 209.487 210.639 211.793 212.948 214.103 215.255 216.402 217.544 218.677 219.799 220.909 222.004 223.08 224.137 225.171 226.179 227.158 228.107 229.021 229.898 230.735 231.53 232.278 232.979 233.629 234.225 234.766 235.248 235.671 236.031 236.328 236.561 236.728 236.828 236.862 236.828 236.728 236.561 236.328 236.031 235.671 235.248 234.766 234.225 233.629 232.979 232.278 231.53 230.735 229.898 229.021 228.107 227.158 226.179 225.171 224.137 223.08 222.004 220.909 219.799 218.677 217.544 216.402 215.255 214.103 212.948 211.793 210.639 209.487 208.34 207.197 206.061 204.932 203.812 202.702 201.602 200.513 199.436 198.372 197.321 196.283 195.26 194.251 193.257 192.279 191.315 190.368 189.436 188.52 187.62 186.736 185.869 185.017 184.182 
183.861 184.699 185.554 186.426 187.314 188.219 189.141 190.08 191.036 192.008 192.997 194.002 195.023 196.06 197.112 198.18 199.262 200.358 201.468 202.591 203.726 204.873 206.03 207.197 208.372 209.555 210.744 211.938 213.135 214.334 215.533 216.731 217.925 219.113 220.294 221.464 222.622 223.765 224.891 225.996 227.078 228.134 229.161 230.156 231.116 232.037 232.918 233.754 234.542 235.28 235.965 236.594 237.165 237.674 238.12 238.501 238.815 239.061 239.238 239.344 239.379 239.344 239.238 239.061 238.815 238.501 238.12 237.674 237.165 236.594 235.965 235.28 234.542 233.754 232.918 232.037 231.116 230.156 229.161 228.134 227.078 225.996 224.891 223.765 222.622 221.464 220.294 219.113 217.925 216.731 215.533 214.334 213.135 211.938 210.744 209.555 208.372 207.197 206.03 204.873 203.726 202.591 201.468 200.358 199.262 198.18 197.112 196.06 195.023 194.002 192.997 192.008 191.036 190.08 189.141 188.219 187.314 186.426 185.554 184.699 
184.358 185.214 186.088 186.98 187.889 188.816 189.76 190.723 191.702 192.699 193.714 194.746 195.795 196.86 197.942 199.04 200.154 201.283 202.426 203.584 204.755 205.938 207.134 208.34 209.555 210.779 212.011 213.248 214.489 215.734 216.979 218.224 219.466 220.703 221.933 223.153 224.362 225.555 226.732 227.888 229.021 230.127 231.204 232.248 233.256 234.225 235.151 236.031 236.862 237.64 238.362 239.026 239.628 240.166 240.638 241.041 241.373 241.633 241.82 241.932 241.97 241.932 241.82 241.633 241.373 241.041 240.638 240.166 239.628 239.026 238.362 237.64 236.862 236.031 235.151 234.225 233.256 232.248 231.204 230.127 229.021 227.888 226.732 225.555 224.362 223.153 221.933 220.703 219.466 218.224 216.979 215.734 214.489 213.248 212.011 210.779 209.555 208.34 207.134 205.938 204.755 203.584 202.426 201.283 200.154 199.04 197.942 196.86 195.795 194.746 193.714 192.699 191.702 190.723 189.76 188.816 187.889 186.98 186.088 185.214 
184.851 185.726 186.619 187.531 188.461 189.41 190.377 191.362 192.366 193.388 194.429 195.488 196.565 197.659 198.771 199.9 201.046 202.208 203.386 204.579 205.786 207.007 208.242 209.487 210.744 212.011 213.285 214.567 215.854 217.146 218.439 219.732 221.024 222.312 223.593 224.865 226.126 227.373 228.603 229.812 230.998 232.158 233.287 234.383 235.443 236.461 237.436 238.362 239.238 240.058 240.821 241.522 242.158 242.727 243.226 243.652 244.004 244.279 244.477 244.596 244.635 244.596 244.477 244.279 244.004 243.652 243.226 242.727 242.158 241.522 240.821 240.058 239.238 238.362 237.436 236.461 235.443 234.383 233.287 232.158 230.998 229.812 228.603 227.373 226.126 224.865 223.593 222.312 221.024 219.732 218.439 217.146 215.854 214.567 213.285 212.011 210.744 209.487 208.242 207.007 205.786 204.579 203.386 202.208 201.046 199.9 198.771 197.659 196.565 195.488 194.429 193.388 192.366 191.362 190.377 189.41 188.461 187.531 186.619 185.726 
185.339 186.233 187.146 188.078 189.03 190 190.99 191.998 193.027 194.074 195.141 196.227 197.332 198.456 199.598 200.759 201.937 203.133 204.345 205.574 206.819 208.079 209.352 210.639 211.938 213.248 214.567 215.895 217.229 218.569 219.911 221.255 222.598 223.938 225.273 226.599 227.915 229.217 230.502 231.768 233.01 234.225 235.41 236.561 237.674 238.745 239.771 240.748 241.671 242.536 243.341 244.082 244.755 245.357 245.885 246.336 246.709 247 247.21 247.336 247.378 247.336 247.21 247 246.709 246.336 245.885 245.357 244.755 244.082 243.341 242.536 241.671 240.748 239.771 238.745 237.674 236.561 235.41 234.225 233.01 231.768 230.502 229.217 227.915 226.599 225.273 223.938 222.598 221.255 219.911 218.569 217.229 215.895 214.567 213.248 211.938 210.639 209.352 208.079 206.819 205.574 204.345 203.133 201.937 200.759 199.598 198.456 197.332 196.227 195.141 194.074 193.027 191.998 190.99 190 189.03 188.078 187.146 186.233 
185.823 186.736 187.669 188.621 189.593 190.585 191.598 192.63 193.683 194.756 195.85 196.963 198.096 199.25 200.423 201.615 202.826 204.056 205.304 206.57 207.852 209.151 210.465 211.793 213.135 214.489 215.854 217.229 218.612 220.001 221.394 222.79 224.187 225.581 226.971 228.354 229.727 231.086 232.43 233.754 235.054 236.328 237.572 238.78 239.95 241.078 242.158 243.187 244.161 245.075 245.926 246.709 247.421 248.058 248.617 249.095 249.49 249.8 250.022 250.156 250.201 250.156 250.022 249.8 249.49 249.095 248.617 248.058 247.421 246.709 245.926 245.075 244.161 243.187 242.158 241.078 239.95 238.78 237.572 236.328 235.054 233.754 232.43 231.086 229.727 228.354 226.971 225.581 224.187 222.79 221.394 220.001 218.612 217.229 215.854 214.489 213.135 211.793 210.465 209.151 207.852 206.57 205.304 204.056 202.826 201.615 200.423 199.25 198.096 196.963 195.85 194.756 193.683 192.63 191.598 190.585 189.593 188.621 187.669 186.736 
186.302 187.234 188.186 189.159 190.152 191.166 192.201 193.257 194.335 195.433 196.553 197.694 198.856 200.039 201.243 202.468 203.712 204.976 206.26 207.563 208.884 210.222 211.577 212.948 214.334 215.734 217.146 218.569 220.001 221.441 222.887 224.337 225.788 227.239 228.686 230.127 231.559 232.979 234.383 235.769 237.131 238.466 239.771 241.041 242.271 243.458 244.596 245.681 246.709 247.674 248.574 249.402 250.156 250.831 251.424 251.931 252.351 252.679 252.915 253.057 253.105 253.057 252.915 252.679 252.351 251.931 251.424 250.831 250.156 249.402 248.574 247.674 246.709 245.681 244.596 243.458 242.271 241.041 239.771 238.466 237.131 235.769 234.383 232.979 231.559 230.127 228.686 227.239 225.788 224.337 222.887 221.441 220.001 218.569 217.146 215.734 214.334 212.948 211.577 210.222 208.884 207.563 206.26 204.976 203.712 202.468 201.243 200.039 198.856 197.694 196.553 195.433 194.335 193.257 192.201 191.166 190.152 189.159 188.186 187.234 
186.775 187.726 188.697 189.69 190.704 191.74 192.798 193.878 194.98 196.105 197.251 198.42 199.611 200.824 202.059 203.315 204.594 205.893 207.213 208.553 209.913 211.292 212.689 214.103 215.533 216.979 218.439 219.911 221.394 222.887 224.387 225.892 227.4 228.909 230.416 231.917 233.411 234.894 236.362 237.811 239.238 240.638 242.007 243.341 244.635 245.885 247.084 248.229 249.314 250.335 251.286 252.164 252.963 253.678 254.308 254.846 255.291 255.641 255.892 256.043 256.093 256.043 255.892 255.641 255.291 254.846 254.308 253.678 252.963 252.164 251.286 250.335 249.314 248.229 247.084 245.885 244.635 243.341 242.007 240.638 239.238 237.811 236.362 234.894 233.411 231.917 230.416 228.909 227.4 225.892 224.387 222.887 221.394 219.911 218.439 216.979 215.533 214.103 212.689 211.292 209.913 208.553 207.213 205.893 204.594 203.315 202.059 200.824 199.611 198.42 197.251 196.105 194.98 193.878 192.798 191.74 190.704 189.69 188.697 187.726 
187.242 188.211 189.202 190.215 191.25 192.308 193.388 194.492 195.619 196.769 197.942 199.139 200.358 201.602 202.868 204.157 205.469 206.803 208.16 209.538 210.937 212.357 213.797 215.255 216.731 218.224 219.732 221.255 222.79 224.337 225.892 227.454 229.021 230.59 232.158 233.722 235.28 236.828 238.362 239.879 241.373 242.841 244.279 245.681 247.042 248.358 249.623 250.831 251.978 253.057 254.065 254.994 255.841 256.601 257.269 257.842 258.315 258.687 258.954 259.114 259.168 259.114 258.954 258.687 258.315 257.842 257.269 256.601 255.841 254.994 254.065 253.057 251.978 250.831 249.623 248.358 247.042 245.681 244.279 242.841 241.373 239.879 238.362 236.828 235.28 233.722 232.158 230.59 229.021 227.454 225.892 224.337 222.79 221.255 219.732 218.224 216.731 215.255 213.797 212.357 210.937 209.538 208.16 206.803 205.469 204.157 202.868 201.602 200.358 199.139 197.942 196.769 195.619 194.492 193.388 192.308 191.25 190.215 189.202 188.211 
187.701 188.689 189.699 190.732 191.788 192.868 193.971 195.098 196.25 197.425 198.625 199.85 201.098 202.372 203.669 204.991 206.337 207.707 209.101 210.517 211.956 213.417 214.9 216.402 217.925 219.466 221.024 222.598 224.187 225.788 227.4 229.021 230.648 232.278 233.91 235.54 237.165 238.78 240.383 241.97 243.535 245.075 246.584 248.058 249.49 250.876 252.21 253.486 254.699 255.841 256.908 257.894 258.793 259.6 260.311 260.92 261.424 261.819 262.104 262.275 262.332 262.275 262.104 261.819 261.424 260.92 260.311 259.6 258.793 257.894 256.908 255.841 254.699 253.486 252.21 250.876 249.49 248.058 246.584 245.075 243.535 241.97 240.383 238.78 237.165 235.54 233.91 232.278 230.648 229.021 227.4 225.788 224.187 222.598 221.024 219.466 217.925 216.402 214.9 213.417 211.956 210.517 209.101 207.707 206.337 204.991 203.669 202.372 201.098 199.85 198.625 197.425 196.25 195.098 193.971 192.868 191.788 190.732 189.699 188.689 
188.153 189.159 190.188 191.241 192.317 193.419 194.545 195.696 196.871 198.073 199.299 200.551 201.829 203.133 204.462 205.817 207.197 208.602 210.033 211.488 212.967 214.47 215.996 217.544 219.113 220.703 222.312 223.938 225.581 227.239 228.909 230.59 232.278 233.973 235.671 237.368 239.061 240.748 242.423 244.082 245.722 247.336 248.921 250.47 251.978 253.439 254.846 256.194 257.477 258.687 259.818 260.864 261.819 262.677 263.433 264.082 264.619 265.041 265.344 265.527 265.588 265.527 265.344 265.041 264.619 264.082 263.433 262.677 261.819 260.864 259.818 258.687 257.477 256.194 254.846 253.439 251.978 250.47 248.921 247.336 245.722 244.082 242.423 240.748 239.061 237.368 235.671 233.973 232.278 230.59 228.909 227.239 225.581 223.938 222.312 220.703 219.113 217.544 215.996 214.47 212.967 211.488 210.033 208.602 207.197 205.817 204.462 203.133 201.829 200.551 199.299 198.073 196.871 195.696 194.545 193.419 192.317 191.241 190.188 189.159 
188.596 189.62 190.668 191.74 192.838 193.961 195.109 196.283 197.483 198.71 199.963 201.243 202.55 203.884 205.244 206.632 208.046 209.487 210.955 212.449 213.969 215.513 217.083 218.677 220.294 221.933 223.593 225.273 226.971 228.686 230.416 232.158 233.91 235.671 237.436 239.202 240.967 242.727 244.477 246.213 247.93 249.623 251.286 252.915 254.503 256.043 257.529 258.954 260.311 261.593 262.793 263.904 264.92 265.833 266.639 267.33 267.903 268.353 268.677 268.873 268.938 268.873 268.677 268.353 267.903 267.33 266.639 265.833 264.92 263.904 262.793 261.593 260.311 258.954 257.529 256.043 254.503 252.915 251.286 249.623 247.93 246.213 244.477 242.727 240.967 239.202 237.436 235.671 233.91 232.158 230.416 228.686 226.971 225.273 223.593 221.933 220.294 218.677 217.083 215.513 213.969 212.449 210.955 209.487 208.046 206.632 205.244 203.884 202.55 201.243 199.963 198.71 197.483 196.283 195.109 193.961 192.838 191.74 190.668 189.62 
189.03 190.071 191.138 192.23 193.348 194.492 195.663 196.86 198.085 199.336 200.616 201.924 203.259 204.623 206.015 207.435 208.884 210.361 211.866 213.398 214.959 216.546 218.16 219.799 221.464 223.153 224.865 226.599 228.354 230.127 231.917 233.722 235.54 237.368 239.202 241.041 242.88 244.715 246.543 248.358 250.156 251.931 253.678 255.391 257.063 258.687 260.256 261.762 263.199 264.559 265.833 267.015 268.096 269.069 269.928 270.666 271.279 271.76 272.106 272.316 272.385 272.316 272.106 271.76 271.279 270.666 269.928 269.069 268.096 267.015 265.833 264.559 263.199 261.762 260.256 258.687 257.063 255.391 253.678 251.931 250.156 248.358 246.543 244.715 242.88 241.041 239.202 237.368 235.54 233.722 231.917 230.127 228.354 226.599 224.865 223.153 221.464 219.799 218.16 216.546 214.959 213.398 211.866 210.361 208.884 207.435 206.015 204.623 203.259 201.924 200.616 199.336 198.085 196.86 195.663 194.492 193.348 192.23 191.138 190.071 
189.453 190.513 191.598 192.709 193.847 195.012 196.205 197.425 198.674 199.951 201.256 202.591 203.955 205.349 206.772 208.225 209.708 211.22 212.763 214.334 215.935 217.565 219.223 220.909 222.622 224.362 226.126 227.915 229.727 231.559 233.411 235.28 237.165 239.061 240.967 242.88 244.795 246.709 248.617 250.515 252.397 254.259 256.093 257.894 259.655 261.367 263.025 264.619 266.141 267.584 268.938 270.195 271.347 272.385 273.303 274.092 274.747 275.262 275.634 275.858 275.933 275.858 275.634 275.262 274.747 274.092 273.303 272.385 271.347 270.195 268.938 267.584 266.141 264.619 263.025 261.367 259.655 257.894 256.093 254.259 252.397 250.515 248.617 246.709 244.795 242.88 240.967 239.061 237.165 235.28 233.411 231.559 229.727 227.915 226.126 224.362 222.622 220.909 219.223 217.565 215.935 214.334 212.763 211.22 209.708 208.225 206.772 205.349 203.955 202.591 201.256 199.951 198.674 197.425 196.205 195.012 193.847 192.709 191.598 190.513 
189.867 190.943 192.047 193.177 194.335 195.521 196.735 197.978 199.25 200.551 201.883 203.245 204.637 206.061 207.515 209 210.517 212.065 213.644 215.255 216.896 218.569 220.271 222.004 223.765 225.555 227.373 229.217 231.086 232.979 234.894 236.828 238.78 240.748 242.727 244.715 246.709 248.704 250.695 252.679 254.65 256.601 258.527 260.421 262.275 264.082 265.833 267.52 269.135 270.666 272.106 273.445 274.674 275.783 276.764 277.609 278.311 278.863 279.262 279.502 279.583 279.502 279.262 278.863 278.311 277.609 276.764 275.783 274.674 273.445 272.106 270.666 269.135 267.52 265.833 264.082 262.275 260.421 258.527 256.601 254.65 252.679 250.695 248.704 246.709 244.715 242.727 240.748 238.78 236.828 234.894 232.979 231.086 229.217 227.373 225.555 223.765 222.004 220.271 218.569 216.896 215.255 213.644 212.065 210.517 209 207.515 206.061 204.637 203.245 201.883 200.551 199.25 197.978 196.735 195.521 194.335 193.177 192.047 190.943 
190.269 191.362 192.483 193.632 194.809 196.016 197.251 198.516 199.812 201.138 202.495 203.884 205.304 206.757 208.242 209.759 211.309 212.893 214.509 216.158 217.84 219.555 221.302 223.08 224.891 226.732 228.603 230.502 232.43 234.383 236.362 238.362 240.383 242.423 244.477 246.543 248.617 250.695 252.773 254.846 256.908 258.954 260.975 262.967 264.92 266.826 268.677 270.464 272.176 273.804 275.336 276.764 278.076 279.262 280.312 281.218 281.971 282.565 282.993 283.252 283.338 283.252 282.993 282.565 281.971 281.218 280.312 279.262 278.076 276.764 275.336 273.804 272.176 270.464 268.677 266.826 264.92 262.967 260.975 258.954 256.908 254.846 252.773 250.695 248.617 246.543 244.477 242.423 240.383 238.362 236.362 234.383 232.43 230.502 228.603 226.732 224.891 223.08 221.302 219.555 217.84 216.158 214.509 212.893 211.309 209.759 208.242 206.757 205.304 203.884 202.495 201.138 199.812 198.516 197.251 196.016 194.809 193.632 192.483 191.362 
190.658 191.769 192.907 194.074 195.271 196.497 197.753 199.04 200.358 201.709 203.091 204.506 205.954 207.435 208.95 210.5 212.083 213.701 215.354 217.042 218.764 220.521 222.312 224.137 225.996 227.888 229.812 231.768 233.754 235.769 237.811 239.879 241.97 244.082 246.213 248.358 250.515 252.679 254.846 257.011 259.168 261.311 263.433 265.527 267.584 269.596 271.553 273.445 275.262 276.993 278.626 280.149 281.551 282.821 283.948 284.921 285.731 286.37 286.831 287.11 287.203 287.11 286.831 286.37 285.731 284.921 283.948 282.821 281.551 280.149 278.626 276.993 275.262 273.445 271.553 269.596 267.584 265.527 263.433 261.311 259.168 257.011 254.846 252.679 250.515 248.358 246.213 244.082 241.97 239.879 237.811 235.769 233.754 231.768 229.812 227.888 225.996 224.137 222.312 220.521 218.764 217.042 215.354 213.701 212.083 210.5 208.95 207.435 205.954 204.506 203.091 201.709 200.358 199.04 197.753 196.497 195.271 194.074 192.907 191.769 
191.036 192.162 193.318 194.503 195.718 196.963 198.24 199.548 200.889 202.262 203.669 205.11 206.585 208.095 209.64 211.22 212.837 214.489 216.178 217.904 219.666 221.464 223.299 225.171 227.078 229.021 230.998 233.01 235.054 237.131 239.238 241.373 243.535 245.722 247.93 250.156 252.397 254.65 256.908 259.168 261.424 263.668 265.895 268.096 270.262 272.385 274.455 276.46 278.389 280.23 281.971 283.599 285.1 286.462 287.672 288.718 289.591 290.334 291.461 292.141 292.369 292.141 291.461 290.334 289.591 288.718 287.672 286.462 285.1 283.599 281.971 280.23 278.389 276.46 274.455 272.385 270.262 268.096 265.895 263.668 261.424 259.168 256.908 254.65 252.397 250.156 247.93 245.722 243.535 241.373 239.238 237.131 235.054 233.01 230.998 229.021 227.078 225.171 223.299 221.464 219.666 217.904 216.178 214.489 212.837 211.22 209.64 208.095 206.585 205.11 203.669 202.262 200.889 199.548 198.24 196.963 195.718 194.503 193.318 192.162 
191.4 192.542 193.714 194.916 196.149 197.414 198.71 200.039 201.402 202.798 204.229 205.695 207.197 208.735 210.309 211.92 213.568 215.255 216.979 218.742 220.543 222.383 224.262 226.179 228.134 230.127 232.158 234.225 236.328 238.466 240.638 242.841 245.075 247.336 249.623 251.931 254.259 256.601 258.954 261.311 263.668 266.018 268.353 270.666 272.948 275.188 277.377 279.502 281.551 283.512 285.369 287.11 288.718 290.181 293.054 295.594 297.706 299.369 300.569 301.294 301.536 301.294 300.569 299.369 297.706 295.594 293.054 290.181 288.718 287.11 285.369 283.512 281.551 279.502 277.377 275.188 272.948 270.666 268.353 266.018 263.668 261.311 258.954 256.601 254.259 251.931 249.623 247.336 245.075 242.841 240.638 238.466 236.328 234.225 232.158 230.127 228.134 226.179 224.262 222.383 220.543 218.742 216.979 215.255 213.568 211.92 210.309 208.735 207.197 205.695 204.229 202.798 201.402 200.039 198.71 197.414 196.149 194.916 193.714 192.542 
